0.9142233904195236
0.5461487881369833
0.27610833150661307
0.8627808061539821
0.25957253501110455
0.8573359189613246
0.8220884313074073
0.9339136023954895
0.023725540386484223
0.8771107119469049
0.6194886740491291
0.18927756588180555
0.2116940042097487
0.5224372682729876
0.02436451007534135
0.8854053520426732
0.4294400006019192
0.030618016197488496
0.7408313347437789
0.7395436480658856
0.576104747883957
0.43597400444803014
0.3615868983620978
0.10926064357514287
0.6852860218025121
0.2615911260344277
0.05920668556849695
0.9822273570804987
0.879994434732765
0.16542073487265574
0.6316121658816373
0.8362622364426011
0.5787704030417793
0.9294368118450284
0.7935876277904763
0.21976688249515608
0.5445449786358694
0.36121637912520843
0.07594913338590514
0.7239703591185953
0.10317926314839754
0.38922346363041005
0.9449442454843002
0.8709383387950571
0.87521916717453
0.8762414349719132
0.7866887551612451
0.3250922734771182
0.6622527958688799
0.44981199350317813
0.214923053619542
0.7510233533074175
0.7083605954914005
0.9542039783086632
0.7550966444056864
0.5866744172928721
0.4174990531633499
0.9653483888932347
0.33376703885480496
0.9785025052444377
0.7492605271375942
0.17834054815403533
0.1595245681465952
0.13402369040892181
0.938303400894903
0.37652447921148935
0.5201324713830524
0.38718086289431897
0.8868486036815937
0.1218381907333006
0.740296929159084
0.34326397700360334
0.5649893263028523
0.26801300560936636
0.04545921495641969
0.5726520336298018
0.020163210992824587
0.8913840894300942
0.35922856899524847
0.45643408952080355
0.14498733835789612
0.2584831468019352
0.1255501781592322
0.952006727896475
0.18175785027979852
0.005248689567059928
0.09143037897120598
0.24303357687276295
0.052268020369117374
0.7896029854733313
0.6120168054207765
0.46569222949858624
0.9931998358857037
0.29730900556245676
0.4470584050214912
0.961922426017328
0.6501954767519489
0.6304350011770715
0.20624630299061064
0.8004289596091202
