0.7517658665233179
0.28946097234477175
0.10896040186833622
0.9083487049769571
0.2167327588000506
0.293360132611157
0.034879417264744195
0.9784915759733765
0.38944805961788
0.022883771746397663
0.20229000386789542
7.479837694924774E-4
0.04834619685343311
0.6191095835428768
0.8152319396604227
0.6815861502919314
0.013784483618335397
0.08610199089699344
0.4976976389998893
0.7585709843149817
0.007888361202163074
0.7161643293799439
0.028640024476130455
0.733949201878917
0.09679126614514466
0.596700127482645
0.5643585742946423
0.4709256558012044
0.20419130058651203
0.17613033245111598
0.2458769412978814
0.7926754908054485
0.9165920817157097
0.16807251987078153
0.27349621907557276
0.10402061734350843
0.6882902985971572
0.7809944426671495
0.3715276492951153
0.8418308737215927
0.5981184175076225
0.37481359202365416
0.06327954267695513
0.2525936840387991
0.01014557895711099
0.1664210517304161
0.32969305466272425
0.5942286792242131
0.8469855986603765
0.5328663586232346
0.034591899607239074
0.36410631556973305
0.6970558559102309
0.7939478018529221
0.9653314635191897
0.5663627446583102
0.6460766185232266
0.09521040740379061
0.45970287636325813
0.3489855554639857
0.5482950915332253
0.15786135922537292
0.368268429096297
0.5647784160984678
0.4343646010869576
0.2138709370415518
0.5358740923725404
0.9401945112981092
0.8905035572924603
0.4025345791296041
0.07690641929859976
0.572162846784628
0.5375054120160231
0.2690294193972119
0.4659303532022161
0.41541269808168446
0.18836473302583912
0.7760064976201185
0.8686653470059114
0.271435798901258
0.8697314317833298
0.4160180232542261
0.19782748339250456
0.545107570782768
0.6550988202960919
0.5955861115885978
0.09418532214176767
0.6961220977096163
0.17657786576310153
0.4509782565899395
0.40524781237018237
0.8797783223611795
0.7573045746591027
0.6512613895877105
0.7623228541456538
0.7452871738901821
0.3379728208509297
0.5459655696417353
0.5412549760761428
0.7396533552270146
